30 0.8734375 0.20546875 0.2078125 0.40078125
30 0.0140625 0.73671875 0.028125 0.19921875
30 0.025 0.81640625 0.05 0.3640625
30 0.065625 0.7875 0.0921875 0.42421875
30 0.09765625 0.2796875 0.0390625 0.3296875
30 0.1171875 0.82109375 0.046875 0.35703125
30 0.1390625 0.2796875 0.0328125 0.31796875
30 0.1671875 0.82578125 0.04765625 0.34609375
30 0.18515625 0.2796875 0.03515625 0.34609375
30 0.2140625 0.8171875 0.046875 0.36484375
30 0.25078125 0.2828125 0.02421875 0.3421875
30 0.28984375 0.28125 0.0296875 0.32578125
30 0.31875 0.2921875 0.0265625 0.303125
30 0.35546875 0.8 0.028125 0.396875
30 0.36015625 0.278125 0.021875 0.33203125
30 0.39140625 0.803125 0.028125 0.39296875
30 0.3921875 0.26796875 0.0234375 0.34609375
30 0.4328125 0.26875 0.03203125 0.32421875
30 0.4375 0.79453125 0.0265625 0.41015625
30 0.459375 0.27734375 0.03046875 0.30703125
30 0.47734375 0.79609375 0.03046875 0.38828125
30 0.49765625 0.2703125 0.025 0.3203125
30 0.5265625 0.79765625 0.028125 0.40390625
30 0.5765625 0.215625 0.04296875 0.3890625
30 0.575 0.79453125 0.0375 0.41015625
30 0.61875 0.796875 0.0375 0.4046875
30 0.61640625 0.225 0.03046875 0.37265625
30 0.65390625 0.20390625 0.03515625 0.384375
30 0.66875 0.7953125 0.05859375 0.40625
30 0.690625 0.21953125 0.0359375 0.3671875
30 0.7140625 0.796875 0.06171875 0.4046875
30 0.7234375 0.21796875 0.03125 0.390625
30 0.7671875 0.83984375 0.059375 0.31875
30 0.75859375 0.2171875 0.02421875 0.35703125
30 0.79609375 0.22109375 0.03046875 0.3671875
30 0.83125 0.215625 0.03046875 0.3890625
30 0.86640625 0.209375 0.0359375 0.3734375
30 0.903125 0.2046875 0.03984375 0.37890625
30 0.9390625 0.203125 0.0390625 0.37109375