1 0.22578125 0.321875 0.08125 0.640625
1 0.13125 0.32890625 0.134375 0.5875
1 0.28984375 0.35078125 0.046875 0.5828125
1 0.3515625 0.35078125 0.071875 0.56875
1 0.43125 0.3546875 0.0875 0.56875
1 0.51484375 0.3765625 0.1125 0.53125
1 0.5625 0.4171875 0.075 0.434375
1 0.5984375 0.43125 0.0515625 0.43125
1 0.65078125 0.44453125 0.121875 0.4359375
30 0.36171875 0.72578125 0.1734375 0.2
30 0.3921875 0.7625 0.2203125 0.16875
30 0.5984375 0.84921875 0.046875 0.271875
30 0.4203125 0.80625 0.246875 0.1015625
30 0.4359375 0.84921875 0.2640625 0.0671875