30 0.2328125 0.934375 0.465625 0.13125
30 0.7171875 0.92734375 0.3203125 0.1453125
30 0.71640625 0.82734375 0.35 0.1265625
30 0.25390625 0.7859375 0.496875 0.125
30 0.70859375 0.7515625 0.303125 0.0984375
30 0.70703125 0.653125 0.334375 0.0609375
30 0.25078125 0.6125 0.5 0.09375
30 0.71953125 0.5515625 0.340625 0.0390625
30 0.25546875 0.4265625 0.484375 0.084375
30 0.72265625 0.4265625 0.36875 0.078125
30 0.73359375 0.32734375 0.3375 0.1125
30 0.24921875 0.259375 0.496875 0.1171875
30 0.74765625 0.23046875 0.315625 0.115625
30 0.7546875 0.13359375 0.321875 0.16875
30 0.2625 0.09453125 0.521875 0.1875
30 0.7734375 0.06875 0.29375 0.1375