30 0.20546875 0.1265625 0.4 0.2078125
30 0.73671875 0.9859375 0.2 0.028125
30 0.81640625 0.975 0.3640625 0.05
30 0.7875 0.934375 0.425 0.0921875
30 0.2796875 0.90234375 0.3296875 0.0390625
30 0.82109375 0.8828125 0.35625 0.046875
30 0.2796875 0.8609375 0.31875 0.0328125
30 0.82578125 0.8328125 0.346875 0.0484375
30 0.2796875 0.81484375 0.346875 0.0359375
30 0.8171875 0.7859375 0.365625 0.046875
30 0.2828125 0.74921875 0.3421875 0.025
30 0.28125 0.71015625 0.325 0.0296875
30 0.2921875 0.68125 0.303125 0.0265625
30 0.8 0.64453125 0.396875 0.028125
30 0.278125 0.63984375 0.33125 0.021875
30 0.803125 0.60859375 0.39375 0.028125
30 0.26796875 0.6078125 0.346875 0.0234375
30 0.26875 0.5671875 0.325 0.03125
30 0.79453125 0.5625 0.409375 0.0265625
30 0.27734375 0.540625 0.30625 0.03125
30 0.79609375 0.52265625 0.3875 0.03125
30 0.2703125 0.50234375 0.3203125 0.025
30 0.79765625 0.4734375 0.403125 0.028125
30 0.215625 0.4234375 0.3890625 0.04375
30 0.79453125 0.425 0.409375 0.0375
30 0.796875 0.38125 0.4046875 0.0375
30 0.225 0.38359375 0.371875 0.03125
30 0.20390625 0.34609375 0.384375 0.034375
30 0.7953125 0.33125 0.40625 0.059375
30 0.21953125 0.309375 0.3671875 0.0359375
30 0.796875 0.2859375 0.4046875 0.0625
30 0.21796875 0.2765625 0.390625 0.03125
30 0.83984375 0.2328125 0.31875 0.059375
30 0.2171875 0.24140625 0.35625 0.025
30 0.22109375 0.20390625 0.3671875 0.03125
30 0.215625 0.16875 0.3890625 0.03125
30 0.209375 0.13359375 0.3734375 0.0359375
30 0.2046875 0.096875 0.378125 0.040625
30 0.203125 0.0609375 0.371875 0.0390625