1 0.678125 0.77421875 0.640625 0.08125
1 0.67109375 0.86875 0.5875 0.134375
1 0.64921875 0.71015625 0.5828125 0.046875
1 0.64921875 0.6484375 0.56875 0.071875
1 0.6453125 0.56875 0.56875 0.0875
1 0.6234375 0.48515625 0.53125 0.1125
1 0.5828125 0.4375 0.434375 0.075
1 0.56875 0.4015625 0.43125 0.0515625
1 0.55546875 0.34921875 0.4359375 0.121875
30 0.27421875 0.63828125 0.2 0.1734375
30 0.2375 0.6078125 0.16875 0.2203125
30 0.15078125 0.4015625 0.271875 0.046875
30 0.19375 0.5796875 0.1015625 0.246875
30 0.15078125 0.5640625 0.065625 0.2640625