1 0.321875 0.77421875 0.64140625 0.08203125
1 0.32890625 0.86875 0.5875 0.134375
1 0.35078125 0.71015625 0.5828125 0.046875
1 0.35078125 0.6484375 0.56875 0.071875
1 0.3546875 0.56875 0.56875 0.0875
1 0.3765625 0.48515625 0.53203125 0.1125
1 0.4171875 0.4375 0.43359375 0.075
1 0.43125 0.4015625 0.43125 0.0515625
1 0.44453125 0.34921875 0.4359375 0.12109375
30 0.72578125 0.63828125 0.19921875 0.1734375
30 0.7625 0.6078125 0.16796875 0.2203125
30 0.84921875 0.4015625 0.27109375 0.046875
30 0.80625 0.5796875 0.1015625 0.24609375
30 0.84921875 0.5640625 0.06640625 0.2640625