31 0.05 0.346875 0.1 0.3328125
31 0.23671875 0.31171875 0.07265625 0.26640625
31 0.37890625 0.3109375 0.1171875 0.0703125
31 0.6796875 0.54296875 0.6390625 0.9125
31 0.5625 0.41328125 0.15 0.1078125
31 0.83203125 0.4875 0.334375 0.240625
36 0.44140625 0.78046875 0.82265625 0.43828125
22 0.04140625 0.21484375 0.03671875 0.05078125
22 0.25 0.2 0.025 0.04375
22 0.3765625 0.2984375 0.02734375 0.01875
22 0.5609375 0.39375 0.03671875 0.03515625
22 0.78359375 0.4484375 0.09609375 0.07734375
22 0.90859375 0.365625 0.18125 0.271875
30 0.29453125 0.8859375 0.04140625 0.1296875
30 0.4234375 0.665625 0.021875 0.16875
30 0.77265625 0.5296875 0.03125 0.03203125