30 0.053125 0.77109375 0.10546875 0.45703125
30 0.0625 0.3890625 0.1078125 0.2484375
30 0.04296875 0.02890625 0.0359375 0.0578125
30 0.10546875 0.73125 0.14765625 0.5359375
30 0.0828125 0.03671875 0.03984375 0.0671875
30 0.1 0.10859375 0.0734375 0.21640625
30 0.2515625 0.22109375 0.3109375 0.0390625
30 0.25546875 0.2546875 0.31796875 0.034375
30 0.2109375 0.728125 0.12578125 0.5421875
30 0.24140625 0.05546875 0.0828125 0.1109375
30 0.3734375 0.3421875 0.3421875 0.11328125
30 0.34921875 0.15078125 0.28828125 0.0390625
30 0.35546875 0.18203125 0.3015625 0.02734375
30 0.3203125 0.7265625 0.1046875 0.53359375
30 0.29609375 0.053125 0.0546875 0.10625
30 0.3421875 0.06953125 0.0515625 0.12890625
30 0.38046875 0.046875 0.0359375 0.090625
30 0.41953125 0.7265625 0.07265625 0.5453125
30 0.4171875 0.05390625 0.0265625 0.0984375
30 0.44765625 0.05078125 0.0234375 0.1015625
30 0.48359375 0.053125 0.0296875 0.10625
30 0.528125 0.7296875 0.08828125 0.5390625
30 0.60390625 0.28671875 0.0640625 0.41796875
30 0.64140625 0.740625 0.0859375 0.51640625
30 0.73359375 0.70859375 0.0734375 0.58046875
30 0.73046875 0.26953125 0.0609375 0.38046875
30 0.88984375 0.73046875 0.165625 0.5375
30 0.90546875 0.26328125 0.0734375 0.25859375