30 0.2328125 0.065625 0.465625 0.13125
30 0.7171875 0.07265625 0.3203125 0.1453125
30 0.71640625 0.17265625 0.35 0.1265625
30 0.25390625 0.2140625 0.496875 0.125
30 0.70859375 0.2484375 0.303125 0.096875
30 0.70703125 0.346875 0.334375 0.0609375
30 0.25078125 0.3875 0.5 0.09375
30 0.71953125 0.4484375 0.340625 0.0390625
30 0.25546875 0.5734375 0.484375 0.084375
30 0.72265625 0.5734375 0.36875 0.078125
30 0.73359375 0.67265625 0.3375 0.1140625
30 0.24921875 0.740625 0.496875 0.1171875
30 0.74765625 0.76953125 0.315625 0.1171875
30 0.7546875 0.86640625 0.321875 0.16875
30 0.2625 0.90546875 0.521875 0.1875
30 0.7734375 0.93125 0.29375 0.1375