30 0.065625 0.7671875 0.13125 0.46484375
30 0.07265625 0.2828125 0.1453125 0.3203125
30 0.17265625 0.28359375 0.1265625 0.34921875
30 0.2140625 0.74609375 0.12421875 0.49765625
30 0.2484375 0.29140625 0.09765625 0.30234375
30 0.346875 0.29296875 0.0609375 0.334375
30 0.3875 0.74921875 0.09453125 0.5
30 0.4484375 0.28046875 0.0390625 0.34140625
30 0.5734375 0.74453125 0.084375 0.484375
30 0.5734375 0.27734375 0.07734375 0.36953125
30 0.67265625 0.26640625 0.11328125 0.33828125
30 0.740625 0.75078125 0.1171875 0.49609375
30 0.76953125 0.25234375 0.11640625 0.31484375
30 0.86640625 0.2453125 0.16796875 0.32265625
30 0.90546875 0.7375 0.1875 0.521875
30 0.93125 0.2265625 0.13671875 0.29453125