30 0.0640625 0.175 0.1265625 0.25390625
30 0.07421875 0.7203125 0.14375 0.55859375
30 0.109375 0.184375 0.09296875 0.234375
30 0.15 0.1609375 0.09296875 0.2734375
30 0.19375 0.696875 0.15703125 0.58203125
30 0.18671875 0.15 0.08984375 0.27109375
30 0.23359375 0.15078125 0.0828125 0.271875
30 0.27734375 0.1671875 0.0875 0.25390625
30 0.31171875 0.178125 0.0609375 0.2484375
30 0.36171875 0.7015625 0.0859375 0.59375
30 0.3625 0.16875 0.0484375 0.2953125
30 0.39921875 0.16640625 0.03515625 0.265625
30 0.4390625 0.16171875 0.0390625 0.26796875
30 0.4828125 0.1625 0.0515625 0.2671875
30 0.53828125 0.678125 0.11640625 0.6328125
30 0.521875 0.12265625 0.040625 0.24453125
30 0.6140625 0.11015625 0.08203125 0.2203125
30 0.7171875 0.71640625 0.1671875 0.56640625
30 0.684375 0.1125 0.059375 0.225
30 0.73125 0.13046875 0.07421875 0.25625
30 0.7765625 0.12109375 0.05859375 0.2421875
30 0.86796875 0.7046875 0.19375 0.56484375
30 0.81640625 0.1265625 0.0640625 0.253125
30 0.85078125 0.12578125 0.09765625 0.2515625
30 0.896875 0.11796875 0.103125 0.2359375
30 0.940625 0.578125 0.1171875 0.40625
30 0.95234375 0.12578125 0.09453125 0.2515625
30 0.965625 0.11796875 0.06640625 0.19765625
30 0.98984375 0.38671875 0.01953125 0.05703125